9.540833234786987305e-01 9.808999896049499512e-01
9.852499961853027344e-01 9.887999892234802246e-01
9.890166521072387695e-01 9.896000027656555176e-01
9.913499951362609863e-01 9.904999732971191406e-01
9.931166768074035645e-01 9.901999831199645996e-01
9.947666525840759277e-01 9.923999905586242676e-01
9.957000017166137695e-01 9.902999997138977051e-01
9.963333606719970703e-01 9.916999936103820801e-01
9.967666864395141602e-01 9.905999898910522461e-01
9.972666501998901367e-01 9.886999726295471191e-01
