9.578666687011718750e-01 9.847000241279602051e-01
9.861833453178405762e-01 9.883999824523925781e-01
9.897333383560180664e-01 9.844999909400939941e-01
9.919166564941406250e-01 9.876000285148620605e-01
9.936166405677795410e-01 9.894000291824340820e-01
9.947500228881835938e-01 9.893000125885009766e-01
9.955000281333923340e-01 9.886999726295471191e-01
9.962333440780639648e-01 9.872999787330627441e-01
9.969166517257690430e-01 9.883000254631042480e-01
9.969000220298767090e-01 9.873999953269958496e-01
