0.1371 0.73324
1.2437 1.9162
0.24032 0.99796
0.45645 1.3898
0.36935 1.2265
0.66935 1.4347
0.44677 1.0714
0.29194 0.87959
0.62097 1.4959
0.57258 1.2184
0.77903 1.5122
0.76613 1.6265
1.0306 1.7694
0.88226 1.6633
0.62742 1.7408
0.88548 1.851
0.99194 1.9286
1.0887 1.9
1.0597 1.4633
0.50576 0.16181
1.6803 0.98615
0.47903 0.243
0.57258 0.4949
0.79839 0.59985
1.0339 0.71268
1.1597 0.85437
1.3952 0.95408
1.5177 0.95408
0.62742 0.37945
1.2726 0.38207
1.4274 0.23776
1.55 0.47391
1.4113 0.34796
1.5403 0.26662
1.4919 0.36895
1.3984 0.41356
1.45 0.51327
1.4597 0.43192
1.3403 0.44504
1.621 0.31385
1.5629 0.40831
1.3403 0.31647
0.68548 0.46341
0.84032 0.66545
1.0274 0.77828
1.0016 0.66283
0.86935 0.56574
0.50806 0.37945
0.76613 0.55525
1.25 0.85962
1.3758 0.93309
1.6048 0.9121
1.2855 0.79927
1.1048 0.74679
1.6887 0.55525
0.48272 0.26385
0.9326 0.52697
0.51394 0.25569
0.56002 0.25569
0.59574 0.25569
0.52661 0.2793
0.51048 0.29329
0.53813 0.30729
0.54505 0.29679
0.58076 0.31778
0.59228 0.33178
0.58191 0.34577
0.60726 0.35627
0.62339 0.36589
0.62339 0.3484
0.64873 0.35714
0.64988 0.37201
0.67638 0.39213
0.67869 0.37464
0.70864 0.40087
0.70518 0.4105
0.72477 0.39563
0.57039 0.27055
0.5462 0.27493
0.58998 0.27318
0.73168 0.42362
0.74205 0.41837
0.75933 0.41224
0.76624 0.43673
0.75012 0.44985
0.79044 0.43761
0.78929 0.42099
0.79735 0.46647
0.84574 0.43848
0.81348 0.43673
0.81809 0.46035
0.84804 0.48746
0.85265 0.4621
0.83652 0.4551
0.8803 0.47347
0.8803 0.49184
0.87684 0.50233
0.91256 0.50408
0.90104 0.47872
0.88836 0.4481
0.91832 0.47784
0.92523 0.49971
0.72016 0.32128
0.75818 0.30729
0.81809 0.29155
0.83998 0.31603
0.81924 0.36064
0.8273 0.31429
0.81924 0.29679
0.78583 0.31166
0.76164 0.32303
0.74205 0.32478
0.78237 0.30641
0.80541 0.29504
0.81348 0.32041
0.79505 0.32303
0.75818 0.3379
0.7674 0.34227
0.78583 0.3484
0.79505 0.33615
0.83422 0.32828
0.82154 0.3449
0.86532 0.36676
